	*** TOKENS ***


Linha	Lexema		Valor
  1      start		256
  3      int		269
  3      a		294
  3      ,		284
  3      c		294
  3      ;		285
  4      float		270
  4      d		294
  4      ,		284
  4      e		294
  4      ;		285
  5      a		294
  5      =		282
  5      0		290
  5      ;		285
  5      d		294
  5      =		282
  5      3.5		292
  5      ;		285
  6      c		294
  6      =		282
  6      d		294
  6      /		281
  6      1.2		292
  6      ;		285
  7      scan		264
  7      (		286
  7      a		294
  7      )		287
  7      ;		285
  8      scan		264
  8      (		286
  8      c		294
  8      )		287
  8      ;		285
  9      b		294
  9      =		282
  9      a		294
  9      *		280
  9      a		294
  9      ;		285
  10      c		294
  10      =		282
  10      b		294
  10      +		278
  10      a		294
  10      *		280
  10      (		286
  10      1		290
  10      +		278
  10      a		294
  10      *		280
  10      c		294
  10      )		287
  10      ;		285
  11      print		265
  11      (		286
  11      "Resultado: "		291
  11      )		287
  11      ;		285
  12      print		265
  12      (		286
  12      c		294
  12      )		287
  12      ;		285
  13      d		294
  13      =		282
  13      34.2		292
  13      ;		285
  14      e		294
  14      =		282
  14      val		294
  14      +		278
  14      2.2		292
  14      ;		285
  15      print		265
  15      (		286
  15      "E: "		291
  15      )		287
  15      ;		285
  16      print		265
  16      (		286
  16      e		294
  16      )		287
  16      ;		285
  17      a		294
  17      =		282
  17      (		286
  17      b		294
  17      +		278
  17      c		294
  17      +		278
  17      d		294
  17      )		287
  17      /		281
  17      2		290
  17      ;		285
  18      exit		257

	**Identificadores**
 b
 e
 d
 c
 a
 val
	**Palavras Reservadas**
 start
 int
 float
 scan
 scan
 print
 print
 print
 print
 exit
	**Erros**

